[26, 43, 42, 15]
[36, 103, 48, 18, 86]
[102, 10, 13, 14, 84, 56]
[0, 32, 40, 43, 53]
[96, 10, 13, 23]
[0, 65, 44, 48, 49, 85]
[0, 97, 38, 11, 49, 56]
[34, 51, 4, 76]
[100, 7, 42, 79, 28, 62]
[96, 92, 12, 103]
[0, 66, 18, 19, 56]
[34, 4, 103, 43, 13, 58]
[96, 42, 92, 30]
[1, 98, 99, 23]
[1, 38, 72, 44, 92, 61]
[36, 12, 53, 23, 92]
[48, 0, 92, 63]
[0, 43, 84, 57, 26]
[54, 18, 46, 63]
[33, 98, 34, 10, 19]
[57, 66, 12, 29]
[0, 34, 72, 76, 88, 30]
[91, 74, 18, 26, 59]
[5, 39, 79, 19, 22, 58]
[32, 38, 78, 47, 88]
[5, 7, 16, 23, 87, 95]
[33, 39, 42, 17, 18, 55]
[33, 26, 77, 89, 58, 95]
[97, 44, 4, 52]
[4, 52, 88, 56, 59, 92]
[0, 98, 72, 12, 46, 83]
[0, 72, 47, 54, 88]
[96, 9, 26, 92]
[33, 81, 52, 54, 95]
[53, 12, 93, 95]
[86, 10, 4, 22]
[0, 99, 78, 48, 57, 28]
[3, 19, 36, 29]
[10, 76, 46, 19, 27, 62]
[45, 19, 83, 57, 94, 95]
[69, 8, 49, 27, 28, 93]
[33, 5, 7, 10, 17, 92]
[32, 26, 58, 7]
[4, 73, 9, 18, 88]
[12, 44, 94, 31]
[4, 5, 12, 88, 56]
[37, 48, 20, 54, 91, 95]
[0, 64, 3, 52, 30]
[38, 41, 74, 76, 53, 91]
[4, 7, 41, 16, 51, 95]
[9, 76, 18, 21, 85]
[58, 91, 4, 6]
