[56, 1, 29, 6]
[18, 84, 70, 47]
[36, 61, 110, 52]
[98, 41, 54, 27, 61]
[32, 90, 107, 85]
[66, 42, 11, 46, 14]
[32, 68, 82, 28, 61]
[32, 13, 79, 49, 84]
[32, 98, 99, 43, 85]
[65, 2, 35, 80, 55, 29]
[56, 59, 3, 108]
[0, 32, 4, 108, 52]
[110, 68, 22, 14]
[16, 1, 60, 79]
[94, 18, 37, 14]
[7, 110, 18, 93, 94]
[81, 52, 78, 97]
[34, 15, 79, 20, 87]
[32, 42, 5, 95]
[2, 34, 74, 54, 93]
[32, 97, 66, 78, 82, 54]
[32, 97, 2, 10, 12, 62]
[61, 98, 3, 109]
[0, 11, 12, 45, 18]
[72, 18, 44, 86]
[34, 103, 74, 93, 95]
[0, 97, 100, 39, 42, 48]
[32, 1, 44, 21]
[14, 80, 49, 18, 28, 94]
[18, 99, 108, 55]
[32, 66, 71, 105, 51, 20]
[81, 2, 51, 105]
[32, 7, 8, 107, 56, 61]
[25, 18, 36, 55]
[59, 51, 109, 6]
[110, 15, 86, 14]
[1, 37, 103, 59, 60]
[7, 10, 76, 79, 57, 29]
[32, 39, 42, 46, 92]
[97, 8, 44, 51, 59]
[66, 104, 110, 18, 55, 30]
[64, 34, 35, 105, 18, 90]
[76, 100, 37, 79]
[105, 69, 5, 79]
[0, 96, 32, 51, 24, 63]
[96, 39, 104, 79, 57]
[38, 18, 28, 106]
[98, 103, 42, 47, 61]
[32, 11, 31, 47]
[48, 34, 99, 79]
[8, 89, 108, 110]
[42, 19, 109, 22]
[34, 67, 103, 78, 79]
[1, 109, 19, 59, 95]
[32, 78, 16, 82, 56]
[11, 75, 110, 46, 18, 85]
[0, 49, 86, 30]
[32, 70, 102, 63]
[26, 75, 55, 79]
[96, 68, 71, 79, 23, 57]
[32, 43, 71, 87]
[34, 15, 16, 25, 95]
[34, 3, 54, 98]
[17, 69, 55, 79]
[32, 72, 44, 50, 61]
[32, 4, 105, 57, 27]
[26, 20, 79, 55]
[0, 106, 43, 52, 30]
[5, 70, 40, 105, 18]
[18, 76, 5, 103]
[32, 90, 27, 86]
[100, 18, 60, 87]
[107, 43, 59, 93]
[3, 37, 72, 79, 49, 62]
[32, 0, 35, 42, 85, 56]
[32, 64, 66, 77, 110, 20]
[16, 98, 32, 104]
[98, 35, 11, 13, 77]
[48, 89, 59, 87]
[20, 79, 54, 55]
[32, 43, 108, 54, 28]
[2, 37, 6, 18, 51, 94]
[32, 68, 109, 51, 84, 57]
[75, 59, 69, 38]
[32, 76, 46, 15, 53, 60]
[96, 74, 85, 53, 59]
[3, 4, 6, 8, 79, 60]
[68, 6, 76, 19, 59]
[91, 47, 52, 55, 59, 93]
[32, 42, 109, 16, 86, 25]
[105, 98, 84, 109]
[4, 7, 14, 59, 30]
[64, 97, 32, 18, 53, 26]
[32, 36, 110, 80, 90]
[6, 79, 50, 53, 86, 55]
[32, 66, 76, 13]
[35, 99, 81, 18, 26, 27]
[42, 59, 110, 63]
[89, 2, 99, 54]
[18, 42, 68, 109]
[0, 1, 73, 44, 93]
[64, 35, 106, 79, 24]
[0, 71, 7, 11, 55, 93]
[32, 7, 44, 50, 23]
[65, 42, 52, 79]
[16, 59, 61, 6]
[0, 1, 96, 35, 74, 62]
[7, 41, 75, 14, 18, 55]
[38, 72, 26, 59, 28]
[8, 59, 10, 53, 55, 27]
[2, 38, 46, 54, 89]
[8, 50, 94, 79]
[32, 3, 68, 12, 50]
[1, 110, 79, 19, 57, 95]
[32, 1, 64, 101, 79]
[70, 6, 18, 51, 94]
[97, 35, 47, 80, 59, 28]
[97, 98, 39, 47, 30]
[35, 72, 75, 16, 59]
[14, 18, 87, 91, 29]
[96, 25, 68, 109]
[96, 39, 104, 43, 108]
[32, 107, 52, 55]
[32, 107, 109, 56, 61]
[32, 35, 105, 22, 24, 91]
[98, 38, 39, 89, 92, 62]
[16, 74, 45, 63]
[96, 18, 93, 86]
[66, 34, 4, 79, 52]
[56, 18, 27, 29]
[67, 37, 16, 18, 54, 61]
[35, 68, 78, 61, 30]
[96, 68, 11, 18, 23, 57]
[32, 105, 82, 27]
[68, 103, 59, 57, 27, 29]
[4, 39, 48, 18, 51]
[32, 104, 41, 77, 81, 84]
[32, 64, 13, 52, 27, 61]
[1, 100, 105, 18, 27]
[32, 35, 83, 6]
[32, 57, 104, 86]
[68, 77, 18, 52, 92, 61]
