10461
7259
3798
7536
1137
5315
1811
7388
140707
1401
8805
29123
90
9758
2194
51286
146057
7070
972
4915
5911
1487
7054
2911
6327
56479
3727
64410
5272
6713
79890
3586
23261
5578
6507
80854
25825
2946
4973
4168
547
79068
10368
3162
4131
53335
5037
5045
23499
3357
929
1504
1787
355
8985
6203
5697
1114
2559
25797
53343
942
51477
56670
6616
3683
23215
4697
54541
3938
2905
8647
1610
7074
6328
1649
11215
759
222256
7037
7184
27095
4772
762
151306
221692
114757
65061
5292
6010
3176
5290
4650
6167
10783
55576
9146
5742
124
1964
3358
8905
7412
54207
2289
6441
85461
6470
8573
4318
81563
344558
3552
60559
6202
29944
71
79772
128
3932
3627
3098
1340
55662
83478
7514
6401
10963
2152
10776
1915
7436
254531
1455
2902
2026
475
2554
65009
64282
23450
6391
1594
9249
4501
9619
9244
959
27035
6373
9227
4842
3745
875
23250
6718
80335
5034
4741
3297
58190
93664
1499
2002
1588
50484
162466
2944
127
140
2099
90627
1132
1742
4200
2920
10116
4306
2805
5817
5860
5743
9882
8424
2065
785
5550
30819
3757
50809
6774
2203
3958
1244
5340
10777
56243
9581
2558
9971
143686
627
27036
4869
23558
3308
5595
54363
8605
5111
28
7447
1072
4284
55450
161145
231
1826
85445
6095
22871
8772
3269
4311
2891
3782
197021
3908
151242
151
765
865
6517
6218
10598
8773
353
53942
766
4791
279
6678
36
4086
8648
23362
7157
170302
6721
1778
5536
4905
768
3576
210
56655
5338
79750
3190
90550
5467
4924
54331
573
5412
1241
5599
1135
3352
5581
8856
1812
6223
2719
80834
7757
9369
3501
2321
22986
2760
54822
6141
269
5216
2566
10808
8816
98
54205
55331
94
7352
1745
153
6450
10846
4137
4953
1123
84679
549
3099
653145
6147
1786
834
51602
26207
6331
7322
4313
8543
8507
3131
10123
794
4047
3934
2720
2898
6429
51228
54107
3746
6262
4190
23154
4129
6326
119
5348
10196
727800
203068
9312
285590
3791
7124
2710
25
126
6132
115004
7442
26095
7317
5816
79180
6462
23657
3206
351
5579
5099
158067
1385
2356
91526
4689
1956
1917
9045
487
356
1719
5327
3479
59338
60680
79698
162514
6249
9922
23270
2939
23007
1576
6263
7076
375
30814
1974
1938
2936
5122
4217
95
6271
6444
1832
5646
87769
190
55041
9415
10728
501
1468
23408
4249
89797
2181
333
34
114134
51611
3290
9378
389434
3500
5321
25953
5813
7052
2104
283
2584
9899
7846
6812
3859
636
6571
1392
1525
2561
115827
8624
220
3744
3292
4781
9377
23136
1350
6472
5580
8989
121278
590
55074
506
55683
2272
3383
64061
80206
6416
1351
8630
50861
3565
221
10486
7531
5020
7132
1133
9058
5916
332
2533
7091
1021
148281
5879
3310
52
27345
1457
26275
3739
57030
54715
9515
8467
5894
4507
5351
5518
55879
6240
9215
7133
6135
3558
55704
19
9472
1360
1201
5733
2645
6414
9379
57633
2906
57451
8013
27306
7351
10376
27020
5864
7173
4988
2556
4846
3614
3956
1559
27324
5921
10863
2564
11138
3486
9349
288
26330
5594
283209
775
23630
9479
80212
5611
1837
338440
54749
1339
276
2182
5243
30010
9770
1139
9308
255426
528
79661
10144
1051
3708
6036
2103
5052
2395
761
56751
50615
9118
84059
79627
3337
11255
1460
1428
81609
2172
3952
4502
10351
399947
6336
55611
1136
7102
85358
2908
136
8882
9615
7546
374
2246
5538
817
9536
5577
1804
11280
2950
55466
2039
10447
571
635
3284
3458
3091
4133
65056
2495
3957
3736
3480
5337
7706
6530
27232
4803
4151
6714
6660
2023
219
7371
140767
112755
4144
10154
57493
5139
3221
6614
9262
2778
3752
2155
367
478
57502
57534
84649
10952
4830
6514
10855
2280
3743
1131
1005
27
2572
51
50801
4124
1431
1555
443
3551
10933
5352
280
64393
8913
1368
2185
653361
151126
4703
5552
5575
10007
55869
1816
481
4986
2567
6392
2335
9520
9789
1356
10536
3359
2235
6124
3315
1759
3055
1969
9370
4282
3925
6710
6319
4317
122665
5747
6716
6122
5047
653464
222
2550
6990
5970
5093
25769
57468
11186
10060
6193
57446
799
51187
7919
9266
2258
4233
64175
10097
5649
23524
783
107
444
6843
885
94032
4134
151056
3704
127833
2557
9445
6715
513
3304
5469
3351
3094
5618
9531
135152
25789
23504
4627
5167
4191
84525
3763
6332
7130
1656
2702
3329
10499
9970
7080
10901
9751
1544
360203
11240
2895
8609
26010
6927
79953
7976
5602
147
5957
3716
51327
50632
1831
4668
55825
782
55619
6258
137868
3084
4790
55769
8644
29091
1583
445
7422
51454
5066
5836
5478
1153
26033
5210
4843
139065
80333
1571
226
129684
9796
3306
51121
63982
5230
10690
8883
1909
50
171586
55294
6134
5241
55790
9747
26091
9734
7167
2562
11238
9052
6386
218
862
64288
840
6622
369
1128
4143
84465
781
18
9705
28234
3767
5530
348
11051
5295
387266
6421
2743
3556
6241
3569
145226
94030
581
5319
5869
11157
3417
29796
54757
2209
831
139231
3690
5118
6334
1066
10575
9367
55966
6532
317
91
7153
23549
7421
3418
26118
170691
1026
2697
11122
57515
56650
8803
64778
4824
659
152110
6234
3831
54739
3643
2101
56413
57484
291
1608
8802
5880
2978
4879
808
301
203
7474
253782
6876
5837
492311
3283
57094
2798
4170
2938
3155
100
51124
4848
1814
51341
7011
1080
6257
2263
5174
5501
2852
3122
9229
64744
598
57586
6207
774
873
4744
4312
4780
8942
112724
83931
23017
6251
1633
7022
64064
135
10396
207
7277
3181
3659
891
191
5375
8911
51310
2168
22876
2048
9693
8710
64849
5562
55082
9270
5019
6143
773
22829
51170
340419
665
9497
1147
79143
65010
1543
6403
801
1346
285966
6590
3127
2475
22883
213
3742
23424
5534
2100
10280
6500
11163
27133
23413
5566
4747
10935
10188
359948
7726
6323
6194
6397
6854
1040
3750
2064
114
146
83992
10856
7299
1996
57626
22987
2555
118881
9568
7056
7498
55914
22978
27344
5021
2897
3977
6657
2670
2821
5033
5294
4547
400916
6564
3596
4591
1535
5979
22936
3350
23542
50700
3572
91703
6037
6623
64377
5709
5110
847
5587
8836
771
1612
491
5004
26253
348980
4673
9804
1808
7018
2739
9194
23098
7415
5426
5947
256435
6256
5621
196
2262
2597
80000
285386
4860
10243
842
10983
6347
79400
91752
2918
6330
6531
7791
8801
4193
51284
3456
7704
2316
2560
2028
55800
23521
1329
1349
715
6469
9162
338
1192
1815
54221
217
140801
3937
57552
776
5170
960
10208
2937
11041
1327
8974
6390
10964
5081
5409
6727
4609
9891
5334
3992
5564
10000
2932
114784
53616
733
1646
5265
4353
80210
5918
25830
3312
7431
8857
778
5573
153090
153020
388662
5959
595
6720
4299
8482
3737
3738
760
4835
2864
2628
841
4185
610
81035
1813
2512
26279
262
55214
5121
50859
6804
5948
7046
3320
3276
152
3630
29993
3784
3037
4967
84978
23167
1432
2796
4674
8301
25824
5067
5583
29074
1143
2705
440021
8490
6733
8061
51555
4878
1463
3174
10659
9863
5914
5101
134
28919
4481
4208
93986
51523
8514
23036
23643
1545
302
57084
10479
6300
4363
80731
60
153572
100462977
60481
58
5336
1841
6633
3184
3423
1364
6620
23089
2539
7356
3945
3043
7266
7048
7092
84617
596
1889
6662
60496
25834
347
3356
84532
4675
131
1465
4792
1655
3039
10371
2593
1509
477
116
3651
7099
678
27101
1962
24141
6665
4048
54212
5354
57665
8448
2915
10882
57709
204
219578
6833
779
30817
11140
5996
1906
125
9423
10962
56999
31
1528
6138
2904
4094
6324
1129
4759
221687
5347
10382
8407
84735
57568
3749
138046
80142
3066
4160
9332
2180
7203
5447
8654
339983
2267
896
50506
8570
9061
3963
84894
3706
84969
10687
4130
83482
4600
860
343
1558
1345
8404
342667
4352
10580
3939
252969
54039
9530
6038
10493
22824
3172
3776
10257
4163
6709
29767
3119
5783
7915
54918
784
7204
3291
2355
23541
10090
1879
8470
150
5631
1111
220441
857
54625
100463486
55422
1141
6820
2674
2565
55217
6772
23316
6785
3156
6569
4435
10656
54796
5144
10209
57571
7040
6335
83719
2162
5967
5223
5423
1645
23770
4045
63908
7168
79054
1843
259307
6696
221895
5565
9955
4319
26999
2237
7187
5175
5888
8851
26470
57224
4314
5465
2568
30845
5054
5422
148
836
7150
54361
47
2563
4057
382
58473
9167
4985
2632
6822
1071
3553
6646
5991
10289
2977
3849
6546
79974
1869
6853
9498
10472
54884
154
9212
8665
3067
3751
51493
6017
5915
10673
23410
151835
5427
1508
10857
763
89832
10455
238
148252
5468
1733
55
5789
375057
64168
9211
83540
3514
476
3689
22854
240
375612
138151
10892
8001
3146
23380
361
1312
7852
2882
4192
10815
326624
10939
27087
1586
3032
7155
1268
116444
1536
26973
6850
23632
134829
84441
3747
5328
54880
11224
9315
6222
1269
9468
6389
9218
7298
5925
4322
3906
2596
54583
55691
1950
108
4069
11004
50508
64710
11165
6092
43
3123
55902
8435
336
5163
57628
3949
368
412
8854
221935
4023
392399
6561
3060
54843
5320
130574
1462
3741
2903
3481
1600
4153
5130
54502
54210
32
6285
5569
131583
10135
6329
3748
124540
2036
8976
11200
3303
23327
132
7404
114800
5142
871
10125
440
216
57674
6035
51109
160851
3615
6556
5949
116443
1870
219285
890
9746
7532
5444
3929
9992
3692
51176
4688
94104
8440
