952
4544
1812
148
2870
3303
2918
10783
7153
5604
2914
2101
367
4638
3363
22933
3576
7150
1786
328
4318
5770
7052
6885
5601
2152
1559
1136
4088
25828
4985
1269
5243
4835
1813
6581
994
1859
5241
6790
2170
5781
2911
2908
1132
8644
5347
4953
5970
23410
771
5581
4321
390245
5742
2529
2324
3156
590
5422
8841
2159
2534
760
142
338442
5585
1129
759
43
1268
3352
3320
3791
57704
248
331
3358
5140
1543
231
3350
762
2912
2859
5580
60489
1588
2913
4322
7442
239
2322
5168
4323
7015
1565
154
54658
2901
54583
9154
7276
5594
5582
259290
4363
4843
2915
140
1612
613
768
8824
3294
3620
3290
673
134
6462
3360
290
2739
4543
6505
55244
2147
146802
240
2852
1457
1553
6532
7514
1326
2224
3361
5579
3293
5792
8647
152
1514
3359
9891
5836
3326
1845
4233
2081
2100
7295
6524
64078
3577
23632
6097
5159
5578
2103
1557
766
249
1021
2064
150
3643
7010
1573
7498
2893
816
10733
2171
11238
10280
10846
8658
9536
5423
1814
1133
1233
4282
596
6714
5724
3417
5465
545
5609
2050
1576
1128
153
3291
873
9212
23621
775
4313
3738
3362
6850
763
116085
2898
5777
6582
5291
9429
6530
5771
3815
7334
558
5292
4353
1558
7097
316
1544
3356
6580
5802
2539
1139
4988
3292
5139
80201
2099
5144
5467
4907
6523
6527
2891
4986
4170
136
5294
1548
3351
10381
4128
1956
1816
147
80351
5142
246
3757
5320
7299
1803
765
8639
351
3357
4860
2169
8850
146
5290
9153
4314
554
4137
2185
2033
4306
207
5468
5743
1545
1131
761
6916
3480
3354
4751
776
4312
3741
